29033006001
65145015501
65145015601
00245014789
67457029101
62559058010
62559058110
00069437071
00069438071
53489021510
53489021501
53489021601
53489021610
53489021701
00378050701
00378071101
00517890510
00378061101
00378042101
00378008101
00378008301
00378008401
00378008601
00781805210
51079086320
51079086420
00378072301
64679092502
64679092503
64679092510
64679092310
64679092302
64679092602
64679092603
64679092410
64679092402
68645058854
00172376170
68645055554
68180051709
68180051309
60219162101
00378073101
00378034701
47781029903
47781029703
00071041813
00071041824
00071041924
53489028101
23155002701
57664011813
57664011888
42192061501
00228249710
00228253010
00378052501
00378002301
00378002305
00378013505
00378013501
00378102077
00378102005
00378143077
00378143005
57664013565
57664013564
63739079733
62135083284
70756066199
00378698501
00487930103
00378698789
00378698601
00487930133
00487930201
76204030003
76204030005
76204030050
00378699889
00487900330
00378699789
76204002260
50190014263
70756066360
63323069322
63323069522
63323069122
63323069222
63323069422
63323069022
00113070334
00085052202
00085052201
00527530264
00527530270
60432027504
60432027516
72572074701
00517300525
14789013205
14789013105
63323002605
70095005001
72572074001
81298762001
71357000106
00054035625
70512084110
70512084150
70512084160
70512084125
70512084105
00517731501
00517730501
00517735001
00245532689
51801000101
68180079802
69238161703
69238161708
00245036089
63739072450
00245531689
00574027500
00245531589
00517250501
79854050021
80681000400
80681005800
79854000715
00904188372
00904188361
43292055581
43292055565
54629071500
54629068301
51645082799
51645082710
51645082706
11845009151
16103036008
16103036099
11845091501
16103036011
37864082799
20555000300
20555000301
37864000030
37864000038
71085007704
57896074106
57896074101
00517671001
40985022713
30768000617
07610028320
43292055862
43292055738
87701040778
43292056512
51645078508
51645078599
51645078510
10006073038
10006070028
40985027072
37864078599
37864000029
37864078510
64980033912
64980033901
63739005802
60258017101
60569049412
57896063412
57963010212
60569049460
71309058312
71800001301
69618002302
69367027102
69375000810
80681011000
51754100004
11845009611
35046000323
00074024501
00074517530
00074549820
00074024001
00074647032
00087511503
00074647132
00536140517
00536140117
00536140417
00536140317
87701040465
80681001600
96295013816
96295013815
80681001500
87701041275
80681001400
80681001300
41163023229
41220087466
41163023230
24385021634
11917002710
10939095906
11917005509
11917008421
11917010948
11822407940
11917002613
11917005507
11917016962
11822308800
11917005510
10939095905
11822323970
11917002615
11917005508
10939095907
11822363850
11917010950
11917005505
11917011655
10939020833
11917010949
10939020933
10939020733
11822300760
11822356470
50428047092
50428031533
50428272877
52569013594
50428036825
50428029627
56069000600
56069000602
56069000675
56069000601
50428038805
50428045606
49348057141
50001080560
50001080505
50001080559
50001080509
50001080504
50001080503
50001080502
50001080500
50001080547
50001080506
50001080508
50001080501
49348057041
50001080580
50001080510
50001080558
49348016162
50001080577
70074053983
70074066646
70074066855
70074056443
70074000240
70074064302
70074064308
70074066642
70030012715
70074066644
70074063057
70074053984
70074066856
70074059892
70074056439
70074051753
70074063060
70074066645
70074066643
70074063059
70074011133
70074056440
70074000246
70074063058
70074066641
70074056442
70074080336
70074080365
70074068995
70074068997
70074068996
70074080240
70074068998
52747030730
52747030770
60258018201
69367025920
69367025901
69367021001
69367021020
57896077701
51991020301
42582041110
00904539561
89411029101
50268033624
57237031151
81033001150
00904727770
00121053005
58526000559
63739015710
63044016566
65155070301
63044016567
58607011310
57896070320
57896070310
57896070301
69618002601
74312041383
00179805401
00761094020
00904759161
00904759180
00904759182
00904759060
00904759080
00904759160
00536100901
87701040777
79854001109
37864000028
37864076099
40985022670
40093010134
37864000041
20555002101
11845014971
16103035911
10135069001
16103035908
16103038208
16103038211
51645076099
57629010020
51645076001
57664007110
51645076010
54629011090
57664007001
57664007010
57664007101
49483006310
49483006301
46122008402
46017009712
43292056505
10135016101
00245010810
00245010801
00245010811
00245010889
69367016604
69367016620
69367016607
58487002072
58487002071
74312002060
40093010153
30768000691
54629017601
00761007820
79854050075
80681000200
00517610101
60505626100
60505626000
00394012402
10006073027
57896086501
57896086506
38779059808
00395277516
63323001910
71351001101
69367025001
39328010710
11845124905
40093010287
40093010196
54629016300
79854001163
58487002651
58487002652
74312003201
58487002431
00761002120
65862002801
65862002905
65862002901
65862003001
65862003099
57664039988
57664039813
57664039888
50001080516
00536139619
87701043387
83744025204
83744025201
00574006924
00574006915
00574006930
00574007030
00574006945
47713000026
63102020590
00904208560
33674040110
40093010144
11845005921
79854030062
54629092001
10006070039
74312004750
71414011501
58487001861
58487001863
58487001503
58487001501
00395012394
84781086702
81033000850
57896084216
58487000672
58487002081
58487000761
57896083001
58487000762
58487002082
58487000763
74312000690
71085007804
87701040746
79854030115
79854030055
80681016600
87701040747
79854030060
00761037920
43292055802
43292022327
54629093002
54629009301
54629051101
40093010181
40985022433
30768004072
40985022383
11845071601
11845011735
11845011739
40985022294
20555000100
54629006901
43292032128
87701040738
87701041244
79854030015
57896083101
58487000751
58487000753
58487002501
57896084110
58487000961
57896084101
57896084120
58487002503
58487000962
57896084150
58487002502
73057035511
74312001474
73057035508
68094011361
87701040744
79854030035
87701040739
87701040740
79854030040
87701040741
79854030105
00536329210
00761009420
00904052380
00904052372
00904052361
00761009450
00904052360
43292022325
43292022326
43292056010
54629050001
51645092010
54629008602
51645092001
54629007601
51645092099
30768000517
40985022316
40093010604
40985022338
37864000060
40985021002
37864092099
37864000059
10135014210
16103035511
10135014201
11845117209
16103035508
11845005171
10432001301
58487001301
54629087001
54629007001
79854030087
80681012900
79854030075
87701040743
79854010955
79854013082
79854030090
54629070001
54629030820
54629087301
43292022323
43292022322
11845062901
40985021024
58487001571
58487001572
46122006965
87701041091
79854030057
54629093106
29135014403
29135014415
40985021225
58487001743
58487001742
58487001741
54629093205
79854030065
87701040745
79854030037
54629009701
29135014305
29135014302
40985021190
58487000842
58487000841
58487000843
57664013688
47781064726
75834001060
69543023460
69367028302
74312015606
74312015605
74312030413
71800001501
40093010150
30768015605
30768019995
40093010230
40093010306
40093010531
40985027415
11845014772
11845014775
11845014770
54629009330
54458032344
51663000517
54629009310
54458032334
90011030004
90011030003
79854009330
87701041269
79854009310
11845011831
63323073101
87701040756
33674040211
11845091805
16500008619
16500007814
16500007818
37864000042
51645070801
11845016799
74312051697
68682017030
00187170405
11845077901
11845007791
54629084121
79854008412
16729053303
16729053310
70512084001
70069000501
57896085601
11845005741
11845057401
54629005801
80681007100
79854020050
79854020062
00179805802
00536136601
00904740361
54738000333
54629001045
51645091401
54629058605
54738000350
54738000301
43292056405
45861006901
10135065263
11845006935
10135065201
10135065250
10006070022
40093010602
20555000600
20555001600
30768060693
37864091401
57896089601
69618003701
69375000710
74312001380
74312052805
11845057501
54629058001
54738000133
00536141638
80681016500
79854020055
11845005731
11845057301
11845057601
30768012608
40985022309
27434000608
20555003200
40093010600
37864091301
51645091301
54738000233
54629058501
54738000201
43292056398
79854020060
87701040731
80681012800
80681007200
00761044020
69375001310
57896088601
00761022120
87701040732
30768003545
40093011099
40985021104
11845080505
43292055992
11845009661
11845009662
63323018411
58487001631
74312001403
40985021377
37864093201
30768004069
10135018001
11845065301
43292056383
51645093201
54629065002
54738014001
00761087840
87701040733
79854020115
80681009900
80681007400
79854000260
00179805002
51645093310
54629026001
10135018101
37864093310
40093010148
30768000676
40985022563
58487001471
58487001472
73152014110
68094011259
68094011261
10135018201
11788000101
11788000110
10135018210
51293084601
54629012810
54629012800
45861007101
00179803501
79854051280
79854051281
10006070020
74312005800
49483001801
54629007101
40985021364
79854020130
80681005700
00761023920
87701040735
79854020140
29135016801
54629071001
43292055740
54629005101
79854020125
79854020983
00536407810
00904227260
00179802902
51645079201
54629071201
51645079210
43292055792
43292012356
37864079201
29135017001
29135017006
37864079210
58487003021
71269025010
29135012105
29135012110
29135000001
40985022849
29135012102
43292055703
54629070901
79854010076
79854010080
80681009000
79854010078
54629071403
54629071101
43292022328
29135000002
29135015805
40985027474
29135015802
10006070010
71269050099
71269050010
71269075010
29135016102
29135016105
33674040480
80681001900
54458065710
58487001343
58487001342
58487001341
79854020035
80681002500
87701040730
00179806102
51645091001
54629063001
37864091001
40985021196
11845057101
58487000882
57896085401
58487000881
74312000650
10135011930
10135011901
00536440601
35046000124
58487001651
58487000871
58487000872
57896085301
30768012587
37864090901
10006073017
10006070012
10006073016
10135013910
11845057001
11845005701
54629006301
51645090901
79854020030
00761043620
11845007285
07610022312
10135078801
07610003220
11845007141
40093010661
40093010589
54629009501
43292056000
79854020195
58487000601
74312000640
79854020025
43292055538
54629005501
35046000120
10432006501
58487000651
65145012901
40093010588
40093010660
40985021151
10006070011
10006073021
10135013210
11845005651
10135013201
00904719106
00761055520
79854000701
87701040729
80681009800
74312001670
58487000811
58487000821
11845005661
80681009700
58487000801
57896050120
57896050101
58487003141
58487003142
57896050110
63948001558
87701040790
87701040791
80681002000
79854007788
79854040025
79854003824
46122012078
46122012085
51645074399
51645074010
54629003824
51645074301
51645074099
54629006702
51645074001
54629077801
37864074301
37864000202
37864000054
37864074399
37864074099
11845056205
16500007303
50742013510
63304053910
63739041010
63304053901
70199001590
63739079610
63304054001
63304054005
50742013601
00904734761
62756051913
60505623800
60505623600
60505623806
00078046761
99207024005
35573040454
64980030760
58657049102
61269016550
70677006701
70677013701
51645073515
53041012722
49348005539
16500059283
87701040608
87701044416
00766725000
00766073966
00766738808
00766739287
00766739070
00766739274
00766798000
00766742991
00766307210
00135046901
70677006501
70677011501
62011029201
87701042975
87701042974
30142085140
30142035740
35515090122
35515090123
36800085140
49348015339
49348030339
36800058840
19903001029
30142058840
35515099921
19903001028
19903001063
87701042972
87701042973
62372050001
62011014901
65197030020
43393020004
46122021678
49348074027
51645087006
24385030789
62011029101
37864086001
10135020324
10135020364
10135020301
10135020390
10135020313
10135020360
51645086001
49348018810
49348014707
87701070344
00009033303
00009040002
70677013801
49348095344
24385002465
00132000047
49348003210
49483000355
24689012905
24689012902
62011027703
00132007950
00132007900
00132007924
00132007912
10135011004
10135011018
10135011008
10135011006
38779094901
38779094908
38779094909
46036000168
87701042917
00132000046
00009361002
00009361003
00132000048
70677008202
46122063378
00132010624
00132000106
51645075001
51645075010
87701043017
71399788901
62011012301
49348030539
00363000520
00363000536
00363000511
00132011946
96295012752
96295012751
80196056775
52569013972
50804000401
50428042671
52569013971
50428186577
50804000402
35515097004
35515090380
11822039980
11917014775
11917005140
11917014778
10939076744
10939076844
11822379960
11917000803
11917005138
11917014776
63868038090
63868038045
63868034717
24385029950
37000002305
37000074133
87701040272
38485080868
38485080857
38485080855
00068042017
00766287589
00766041976
00766041980
00766041978
87701070994
65504090209
54257079007
43292056442
43292079007
36800047775
30142047792
87701070558
00005250002
00005250023
00005250033
38485000027
00283080836
00283080811
60432003816
60432003864
00591322126
00115140801
42023011201
51862033301
51862033305
51862033401
51862033405
65862071550
63704000401
69238160508
69238160502
00054063913
00054063905
50102022821
51862056406
50102030011
50102030001
50102023021
63323048792
50102040001
31722011620
31722011650
31722021750
31722021720
60432046400
69367017216
13517069105
00187430305
00378401001
00378401077
00378401005
00378505077
00378505005
00378505001
59762371704
00054485825
00054485929
00054485925
59762371804
61825016530
51645070905
70677002401
62011034301
60432015004
60432015016
23155010505
23155010501
23155010510
23155010610
23155010601
23155010605
23155010710
23155010701
23155010705
43547025210
43547025310
43547025110
70954015710
70954015740
70954015910
70954015950
70954015810
70954015850
51862094305
51862094301
51862094201
00378400105
51079078820
47335060388
47335060313
47335060318
47335060418
47335060413
51079078920
00378400305
00378400505
47335060588
47335060513
24338041024
24338040312
00832030000
00832030389
00832030300
00832030310
00832030301
00832602089
00832602189
00832030489
00832030401
00832030410
00832030400
00832030101
00832030100
00832030110
00832030189
00832030201
00832601989
00832030210
00832030200
00832030289
70860077810
00378510501
00641094831
51672529701
31722004132
60432060816
57664010788
57664010818
57664010888
57664010988
00703712301
00832152089
00832155089
35573044002
00832154089
00378701001
00378702501
00378700501
00378705001
00527194947
23155070301
47781063101
63323045501
57664035835
57664035831
62559017101
57664035931
57664035935
67877067001
67877067101
51862018601
00641234139
57664015588
57664015513
63481062385
64950035405
31722019050
57664022388
67877011601
67877065901
42543009801
00113191978
51645071610
51645071601
70677007101
42192036510
42192036610
64980018105
68308055410
00603254428
00603254421
51862054005
47781062501
47781062505
47781062801
54879002601
51672211704
54859080908
51645070301
51645070399
51645070310
46122024778
00113048452
00113022771
49348004210
51645070601
51645070501
51645070510
51645070610
51645070699
61990041102
61990041101
00185003901
00409184432
00071221435
00378385005
51079012906
57664012434
00121067516
60432062116
71930005712
62756087388
00378800801
00378800805
00832712389
00074621413
00074621453
00074621553
00832712489
57664027313
57664027318
57664027308
00004006832
00004005832
57664027413
57664027408
57664027418
57664027513
57664027508
57664027518
60432009316
00603243932
00641618210
71626020101
42192061701
42192061705
57664013388
70860065310
71093014004
71093014005
71093014104
71093014105
23155014501
00591551305
00591551310
00591551301
62756044605
62756044602
62756044604
00527322037
71930000612
71930000613
63739023001
00378302301
00378302405
00378302401
63739023301
71930000712
71930000713
10702000706
10702000718
10702000727
10019055304
10019055303
59746012210
59746012206
62559084101
62559084110
52536012901
52536013301
62559084201
62559084210
59746012110
59746012106
70199000401
51645099410
51645099401
70199001801
00832051189
00832051289
00527135601
00832051389
66689040601
71930002890
00115140408
58657042815
62332060701
60505617900
60505617905
62332062920
62332062702
60505618100
60505618000
62332062805
60505618200
63323057820
70860078120
70199000790
70199000890
70700018501
23155080801
58914008052
31722096331
31722096332
71930005112
71930005152
71930005113
14539065301
14539065305
14539065310
00603497532
00603497528
00832003889
00603497521
70860030602
70860030606
00378454101
00378454301
00378454601
69452022820
69452022720
51862034590
51862034690
51862034490
23155017401
23155017403
00472082516
81284021100
81284021200
81284021300
42023021325
61990021300
61990021100
61990021301
61990021103
50844011215
50844021114
62559087011
49884003801
68094010110
00591555410
23155011010
23155011001
23155011110
23155011101
00591555501
00591555510
00591555601
00591555610
23155011210
23155011301
00115169301
23155011401
23155011405
65862006439
63304058101
63304058110
51079080219
63304058010
65862006359
63304058001
23155073101
23155073201
63304062301
63304062310
63304062210
63304062201
53489043301
53489043310
64980019003
49884068901
49884068905
31722093947
00299392001
53062000208
00904598463
00904598426
45802052526
16864000018
71399014008
71399014004
41167060616
41167060611
41167016524
41167060632
69315050324
69315023103
76045010800
63323054401
63323054411
63323054501
81952011303
67457095101
81952011404
67457095410
63739095325
00832121989
00832121389
00832121289
00832121689
00832121889
63323022921
60505003308
49884070155
49884070154
62756034844
00078018061
00078018161
62756034944
62756035144
00078018261
67457022702
63304015801
63304015830
63304096201
63304096230
43598093111
70860045401
70860045410
70095002601
00703505101
00703505401
00703505103
70860045210
70860045310
49884064001
42543014101
68084093025
42543014201
42543014050
23594050550
00703003104
00703004501
00703004301
00703003101
00703006301
00703005104
00703005101
00009347522
00009347523
50742018901
00527293043
00527293037
00527293341
00527293337
00527293137
00527293441
00527293237
00527293243
00527293537
00641036721
42195015110
67457062102
42543005262
42543005261
42543005263
39822301506
39822301503
39822301501
70512010030
00085096315
45861009908
47781054372
13925050604
51672206902
00168026515
00472037045
00472037015
00472037145
00472037115
71403080490
71403080445
71403080475
60432056161
60432056160
51862015860
43538092060
43538092090
47781053273
47781053272
47781053226
47781060249
10631009671
00378819060
00378819045
00378819015
00378819030
10337016215
68462030047
68462030017
00127330202
60432083460
10631009160
00378870006
00113008458
43538030030
71406012335
59390018450
59390018318
00065066010
50268011835
00065030315
82667060005
00009029703
00225061023
46122064705
00113006510
00024135202
56184012011
56184012015
45802035758
24385032521
24385032558
36800013029
00225038080
00536250676
00904386575
87701055205
87701040085
70030013173
69618005153
71800002105
71800002104
59390003526
60432074116
23155012001
00527105001
63739025701
23155004710
23155004701
23155004610
23155004601
25010021027
23155052141
23155052142
23155052144
70860030204
70860030210
72572019001
70860030202
64679075901
64679075902
64679075903
60432061360
60432061304
63304062401
63304062410
30698006701
30698006001
63304062510
63304062501
63304062605
63304062601
00378023205
30698006605
00527221737
00527221637
72572004101
72572004001
14539070005
14539070001
72603029802
72603029801
14539070101
14539070105
14539070205
14539070201
00832064211
72603029902
72603029901
00378008077
00378008010
43975030410
00378015601
71930004812
00254200801
23155001010
23155001001
23155001105
23155001101
65862068401
65862068460
00113007478
00113007471
00904791459
49483060110
49348019609
49348019635
55111068299
70436018001
70436018002
67877029401
67877029405
67877029501
67877029505
70436018102
70436018101
55111068388
55111068469
70436018202
70436018201
67877029601
42195068810
42195047101
71511070116
00069322066
75834010301
75834010405
75834010401
23155002101
00378407001
00378575001
23155002201
00395253198
08884430100
08884430200
08884430300
08884433200
24385009227
87701040093
00869462910
70677123501
70677123502
51552075306
51927243400
51552116206
51927114300
38779183405
38779183409
38779183408
62991171102
63921040004
00395001928
00395001916
00395001994
51552023805
51552023809
51552023804
51927188800
00395003716
00395003728
00299145002
63921024010
63921024004
63921024080
63921024016
51927277800
51809000207
51809000209
51809000203
51809000211
51809000250
51809000205
51809000201
51552044207
51552044205
51927510900
51927143600
38779239209
38779185507
38779239205
38779239207
38779239208
38779239201
38779185508
38779185501
62991135302
62991135303
62991135301
63323025410
63323025402
51927107400
51927129100
51927286600
38779091001
38779091008
62991122501
62991122502
51552081005
00395266416
51927173100
62991311501
62991311502
62991308902
62991308901
51552069208
51552069206
38779177908
31722093747
38779177907
38779177901
00395266185
00395266175
00395266128
00395266116
00802391316
00395391385
00121065916
38779052508
38779052501
10135013708
10135013718
51927126800
51552009605
51552009608
46287050001
46287050030
51927110000
51927129900
51552013506
51927119500
51552037503
51552056503
51552129609
51552121403
51927295200
51552120301
51552119703
51552118903
51552118902
51552118702
51552087203
51552087202
51552084603
51552084602
51552078502
51552057303
51552057302
51552057002
51927303100
51927153600
51552045903
51552045902
51552043703
51552043103
51552043102
51552042902
51552038703
51552038702
51552037502
51552037501
51552037403
51552037202
51552037003
51552036203
51552036202
51552036003
51552036002
51552035303
51552034003
51552034002
51552033403
51552033203
51552033003
51927226300
51927314400
51552033102
51552043702
51552118802
51927179700
51927281600
51552118002
51927332300
51927287000
51552122002
51927274000
51927307400
51927301500
51927318700
51552033002
51927276600
51552121802
51552056203
51927418200
51552040502
51927900500
51552121703
51927346900
51927300400
51927418600
51927418000
51927357800
51927306700
51927226500
51927206900
51927284200
51927271900
51552038203
51927222300
51927153700
51927144500
51927142900
51927136900
51552121303
51927189900
51927317100
51927302100
51552119702
51552039003
51552039502
51552042903
51552121702
51927193200
51927164000
51552033103
51552037402
51927193100
51552078503
51552039002
51552037203
51552037903
51927112600
51552118703
51927281000
51927281100
51927274100
51552040503
51552122809
51927361700
51927193300
51552120302
51927353300
51552035302
51552037902
51927196100
51927297200
51927198800
51927297100
51552120303
51552056502
51927222400
51552033202
51552121302
51927301600
51552033402
51552039503
51927295800
51927339000
51552121402
51552118803
51927325300
51927249600
51552056202
51927226200
51552037002
51927329400
51927153500
51927418100
51552056501
51927328900
51552038202
51552122003
51927329300
51927318900
51927428700
51927329000
38779257602
38779110501
38779272901
38779272809
38779316009
38779272602
38779202001
38779111602
38779272709
38779112102
38779189402
38779112601
38779257609
38779188009
38779201802
38779112409
38779270901
38779271009
38779272202
38779112101
38779295901
38779316202
38779234609
38779271101
38779112502
38779316001
38779111309
38779271102
38779271402
38779271409
38779271502
38779271002
38779272502
38779110901
38779202202
38779257901
38779200909
38779112202
38779270902
38779271302
38779271201
38779111502
38779110802
38779315801
38779111102
38779112602
38779234601
38779271509
38779271609
38779272109
38779189002
38779189609
38779112609
38779272309
38779201909
38779189602
38779271501
38779188902
38779112509
38779189001
38779270909
38779273009
38779111302
38779111301
38779316201
38779111009
38779112201
38779110801
38779295909
38779202201
38779272102
38779202103
38779202101
38779271801
38779315702
38779315709
38779111909
38779111402
38779202009
38779189202
38779272909
38779271709
38779271601
38779111501
38779315902
38779257601
38779272301
38779189502
38779200901
38779110709
38779200902
38779111901
38779259601
38779272402
38779195809
38779112501
38779272501
38779111202
38779271802
38779271109
38779272401
38779272609
38779110809
38779257909
38779257902
38779272002
38779315909
38779112401
38779111701
38779316102
38779201801
38779111209
38779316002
38779267902
38779110701
38779271909
38779189009
38779316109
38779315901
38779111601
38779111201
38779188909
38779272902
38779272702
38779272601
38779272409
38779272302
38779272009
38779271401
38779271001
38779267909
38779267901
38779112109
38779111101
38779315802
38779271202
38779111002
38779110909
38779110509
38779110902
38779202002
38779201901
38779111503
38779188002
38779111401
38779189501
38779316101
38779272001
38779111702
38779111409
38779315809
38779110502
38779189601
38779315701
38779111703
38779271602
38779188001
38779271701
38779189401
38779271702
38779111902
38779111109
38779272802
38779189409
38779259602
38779273002
38779112209
38779273001
38779112402
38779189509
38779201902
38779272209
38779234602
38779272801
38779111609
38779271309
38779202209
38779201809
38779271209
38779259609
38779316209
38779272101
38779271902
38779195802
38779295902
38779271901
38779271301
38779188901
38779189209
38779271809
38779189201
38779272701
38779110702
38779272509
38779202102
38779272201
62991402405
62991403505
62991403501
62991406801
62991403401
62991403305
62991402401
62991409103
62991403101
62991403005
62991404405
62991414802
62991402701
62991402605
62991409105
62991402601
62991400205
62991402501
62991400505
62991402305
62991412505
62991402201
62991414501
62991402105
62991402005
62991403901
62991412005
62991401905
62991414602
62991407901
62991401601
62991401505
62991401405
62991407205
62991401105
62991401101
62991401005
62991401001
62991400805
62991414401
62991400801
62991400501
62991401705
62991400409
62991409901
62991409501
62991400405
62991407705
62991400201
62991400105
62991400101
62991411805
62991411901
62991404001
62991410905
62991404305
62991403301
62991405005
62991408801
62991406905
62991409801
62991408305
62991411401
62991405801
62991414801
62991407405
62991404501
62991401901
62991407805
62991406701
62991408701
62991409301
62991405805
62991409405
62991407401
62991408101
62991407601
62991414302
62991412007
62991411405
62991407108
62991404402
62991403905
62991410805
62991408105
62991406105
62991406001
62991404005
62991407305
62991404601
62991404401
62991405205
62991404605
62991403308
62991403001
62991408401
62991409001
62991406101
62991401701
62991407701
62991407505
62991409401
62991404105
62991409805
62991411705
62991410701
62991404101
62991410201
62991412405
62991408405
62991401501
62991410205
62991414402
62991405105
62991407107
62991414901
62991406305
62991409505
62991414902
62991414702
62991402205
62991410801
62991403801
62991407605
62991402705
62991409005
62991403307
62991412501
62991409205
62991414601
62991412101
62991410405
62991405305
62991404505
62991402505
62991404905
62991414202
62991411001
62991412401
62991410505
62991408805
62991410501
62991410005
62991405605
62991405701
62991408901
62991411701
62991409905
62991407905
62991402001
62991406705
62991407101
62991409305
62991403105
62991403405
62991406501
62991409201
62991409101
62991407501
62991408905
62991414201
62991408705
62991406505
62991414502
62991408205
62991414701
62991408201
62991410401
62991408301
62991410001
62991404701
62991405705
62991407105
62991402301
62991411905
62991405601
62991410901
62991412105
62991406005
62991403701
62991406805
62991406901
62991406504
62991406301
62991414301
62991412001
62991411801
62991410705
62991404301
62991405502
62991401401
62991405301
62991407201
62991405201
62991404901
62991405101
62991405001
62991405505
62991403705
62991404705
62991401605
62991402101
62991405501
62991403805
62991400401
62991407301
40985022663
54629007801
79854060005
00761061516
00009028301
51927110100
51552009506
38779279707
38779279708
38779131107
38779131108
62991288701
62991288703
62991288702
38779006508
38779006505
29300000009
51927158000
00395191391
62991142002
62991142001
51927162700
51927139600
00395200391
62991130601
62991130603
62991130604
62991136301
62991136302
51927117800
51927137300
00395194391
51927161900
51552077004
51927362800
00395251394
51927111500
62991320301
62991320303
62991320302
71052065255
71052065210
10019094450
10019093950
81298811201
81298811401
10019094510
10019094210
10019094325
10019093825
81298811001
70860022361
23155026141
70860020650
70860020651
68001028333
63323012259
63323012302
00703440211
70860020851
16729010811
67457099620
67457099740
00703463601
49884029004
49884029005
49884029001
00703565301
00703565701
44567031201
63323032462
64679069802
66794022741
55150012909
25021016397
55150012825
64679069902
72572002110
71288000520
72572002101
67457034810
66794020641
25021018620
25021018730
63323036920
67457034910
71288000630
72572002201
72572002210
70860011415
67457035110
63323040400
67457040410
70860011526
67457035210
25021013410
66794022041
70860011215
70860011315
66794022141
25021013510
70860011626
60432006547
60432006575
62756029313
62756029388
62756029413
62756029488
25021010167
60505624300
60505614200
60505074905
60505074901
72572005501
72572005601
60505624400
60505614300
25021010269
63323044961
25021010066
23594012501
23594037501
00409359501
68180030220
68180030260
68180030360
68180030320
63323035345
63323035445
63323035245
66794021342
60505075204
60505075203
70594009602
25021010667
25021010899
25021010869
63323034861
60505075304
60505614900
60505075303
70594009702
25021010768
70594009402
60505075004
60505075000
60505075001
63323034410
63323034510
60505075100
60505075104
60505075101
70594009502
25021010510
25021010566
25021012766
25021012867
25021012969
63323039661
64380089006
64380089106
00143314250
43538062030
68382091001
63739016833
23155037625
23155037605
63304069950
57664085685
57664085488
49884051101
63304069701
24338010603
00409120725
70700017322
63323030626
00527131506
00527131530
00527131501
00121086750
63323033820
63323033920
31722021133
67457061220
70860010520
67457061410
16714069901
67457061310
70594004502
70860010410
67457061110
63323022110
00009055502
00527138104
25021011551
70594002604
70860010310
14789020105
42023013101
25021015910
42023013106
63323034920
63323032220
00527518070
23155001901
00591368601
00591368401
00591368501
00115202310
00472199208
69367016204
69367019101
42192080101
42192080201
69367019201
69367016304
58657067650
13107007701
64980018603
00121478505
60432053716
75834023560
75834023516
53489040001
76385014205
63304046050
63304046126
47781092501
47781092530
72603026202
59746078005
59746078001
63304029605
63304029601
42385092705
42385092701
16571068701
00781599405
76385014450
76385014401
23155003801
57664017508
64380077938
64380077907
64380077906
64380077925
75834010701
75834010705
75834010725
75834010805
75834010801
75834010850
64380078006
64380078007
64380078025
10956061821
10956061801
23513061821
23513061801
47781033431
47781033331
23155014601
49281086078
73108000100
71399802801
71399802802
87701043136
87701041249
87701042982
87701042984
46122044262
46122014762
43292055705
36800046262
36800044983
36800046278
30142046278
36800046267
35515094579
35515090180
10135014910
10135016613
10135014924
10135014901
16103034803
16103034899
12547017021
10135015613
10135015610
10135015601
16103034799
71399802602
71399802601
87701083714
36800047978
36800047962
36800047979
36800047967
30142047978
30142047967
30142047962
10135015124
12547017031
12547017136
47682018447
47682018464
65504020902
68094001859
70030013133
70030013264
70868073016
42037000147
42037000128
42037010371
42037010363
36800002239
70860075320
59779019402
57896076901
70030014828
70030062430
70030062431
72606050902
72606050904
49035065082
49035019478
49348081709
49348081705
52569013538
50428025949
50428042025
41415028573
24385038563
24385038571
36800019451
41415028473
16837085525
11822527950
11917008767
11822527930
11822897730
11917007602
11822527940
10939013944
10939013844
11917007592
00363019471
00113019463
00363003626
00363003650
00363070102
00363019401
00363003683
81421003610
81421003641
81421003618
96619043921
87701040214
87701040213
81421003616
81421003614
96295011419
81421003612
81131002245
72606051002
72606051004
11845077501
54629018001
79854050087
00409196703
55513012601
55513014801
55513014401
00536703801
42858070201
00703713301
51862018801
51862018501
00078024161
00078024061
48723010531
00378119001
80681013100
87701043463
90011030005
79854009098
30768029173
40093010107
40093010323
33674015836
11845015331
11845015339
10542009090
54629090980
53191024401
51663000503
43292056428
74312019377
71800001901
74312029176
69618004201
68094003701
68001043594
69230030812
68094003758
68094060059
36765042019
36765042017
71321080010
71321080060
59016042017
59016042018
59016042019
59016042016
72572007401
57896074606
11845008531
16103036899
11845085301
16103036807
37864000056
37864073099
35046000064
40985027532
37864000058
20555000500
54629068401
51645073010
51645073006
51645073099
43292056352
43292055694
46122007772
87701040768
80681000500
79854050022
00904423960
12843051673
11845016011
74312005535
40985021154
23155010206
23155010205
57664039758
57664039751
57664039753
43547035750
43547035711
42806021305
43547035710
68645054459
57664037088
00113017025
00113053278
00245001401
00245001489
00378512501
70515010610
70515011606
69230014652
69230014640
69230014620
69230014680
51927122700
51552021605
38779052709
38779052708
38779052707
62991250702
10432010002
10432010003
10432010001
58487001003
58487001002
58487001001
23155034031
53489055101
00603544821
00603545021
53489055301
57664034588
51862090001
51862090005
57664034788
57664034713
51862090205
51862090201
00378728653
57664011788
57664011713
24385055408
51927118600
00378251693
59762501801
16571021010
24385046560
10542004550
00088117312
23155048551
00832121189
51927167600
51927361400
51927166500
51927279200
51552088709
51552088706
51927112900
62991186303
62991186302
62991186304
51552035606
51552035604
51927166100
51552041706
51927135400
38779163005
38779163009
38779163008
38779163003
51927126700
51927251800
45861006502
45861006501
45861006130
45861006560
67877047379
67877047380
69680012035
71085001150
31722019831
68308002003
55513026701
33674040311
33674040310
60505623700
70512010130
58487003122
00338101741
54766077090
54766077060
54766077040
00299550004
00378400701
47335060688
79854009161
56023000777
54629916100
40985027791
33674013607
10048061216
10048061010
10048061009
11086003040
00536133632
59528033102
71321080320
63304062110
63304062101
23155016831
23155037731
70860077720
62756018201
00406902576
00406905076
00406907576
00406900076
42806026301
42806026401
75987011110
55513053001
36000029724
36000029824
55111043890
61570011001
61570011201
00713057250
00713057293
49884072704
63323034101
60505075905
60505075901
63323034201
57664011688
51552152804
51552054808
51552054807
51552054805
51927113000
38779056709
38779056707
38779056708
38779056703
38779056705
38779056701
72572007601
30698044801
30698044901
30698045001
11845061701
00254101196
54629055100
40985027112
07610051612
87701041153
79854001551
74312058911
74312003860
53489036901
53489037001
64380090603
68084065125
64380090503
71930001752
71930001730
71930001852
71930001830
24385035934
00113035926
00113057826
62011035101
57664043553
57664043551
57664043558
50742015505
43547035810
43547035850
23155010305
23155010306
68645054759
42858090001
24201023701
63323019606
82009001290
25021045405
62756035040
62756035240
25021045505
00591365801
51079034820
00527260143
00527260137
70347005003
70347005002
64679084710
64679084703
64679084702
64679084802
64679084803
64679084810
70347010003
00527260243
00527260237
00527260343
00527260337
70347020003
64679084902
79854010005
54629011001
00009034101
87701083799
24385036638
70677014402
70677014401
68094002262
68094002259
68094002459
68094002462
00121173030
81033000350
81033000340
83720050208
46122035626
72572061201
72572060101
72572059001
63323026943
40093010209
60842002301
54629091040
11845016325
40985027116
30768013430
00394013012
00761008624
79854009104
90011018005
87701040734
74312013430
00394012202
00480008398
57664005518
57664005599
57664005513
33342001510
57664005618
57664005699
57664005613
00480716798
59762153004
00480716898
57664005713
57664005718
57664005799
33342001610
46122021426
24385014626
00113059010
00378729353
68094011661
68094011659
57896085101
79854020010
37864090599
43292012345
54629005701
51645090599
51645090501
71930004912
69452019320
69452011420
70677014203
62011030701
62011041401
60505263301
62011041402
60505263308
51660093905
00143970910
00245021289
33674040421
33674040411
40985027504
00245001589
00245001501
00245001289
00245001201
00378512301
70515010510
70515011506
57664039108
00093092405
00093092401
00245014489
68180051209
00703680104
00703198501
50102025421
00245055689
80789011701
00832121489
82429031410
70677014301
69543042510
69543042610
00093100605
00093100601
51991052633
69230031230
62011024802
51660052660
10019064464
59762501901
41616021990
41616022090
27505005096
27505005036
59762022201
60505340909
60505340905
44523015601
54629001162
43292055881
40985022661
40093010618
07610005820
10432017002
00904582360
87701040748
79854001162
74312001140
57896087401
58487001703
58487001702
58487017002
53489064801
00378311001
55111047805
55111047801
55111047905
55111047901
00093201412
65145011801
71288011290
70700027897
67457057901
43598002748
40985027757
10432029301
47469005396
58487002931
58487029301
31722093502
00007414220
13107014505
13107014501
43547025750
43547025710
57664024718
57664024788
57664024713
60505079104
60505079100
54859056210
43975021710
00378006905
30698091115
00832121589
11917004204
11917010622
50428067584
00363110510
00363088078
00088117447
00766117325
81131070001
87701041253
53489055201
47781058717
70860030005
10135031457
10135031410
11673018001
16103036399
11822331100
11169061569
10939091444
37864000051
36800078601
51645085110
50428027915
50428040264
51645085101
51645085199
49035089212
49035040520
00179815601
00761022020
81131077647
87701043173
62011038701
51525044208
51525043001
76385011801
50419086251
69543012210
69543012211
69543012111
69543012110
50419086151
00781506020
69452011520
49708052188
49884090738
49884090761
55111020360
55111020660
25021017520
25021016430
81284015100
71288000231
70860012020
61990011002
61990011001
60505615600
66794021641
66794021741
61990012002
61990012001
60505615700
72572057610
70860012130
71288000331
72572057601
81284015200
25021017620
25021016530
25021017750
25021016648
81284015300
71288000451
72572057710
72572057701
70860012250
61990013002
61990013001
60505615900
66794021841
68682088060
00009344903
00009344901
11845007365
51862033201
00378542601
00378542605
43547026550
43547026510
71093016104
71093016105
59762502601
60505011207
60505011208
60505011201
60505011200
59762502702
59762502701
60505011307
71093016205
71093016204
45861001100
43547026610
00378542805
43547026750
43547026710
71093016304
71093016305
59762502801
60505011407
60505011405
60505011401
51552152705
51552003709
51552003706
51552003705
51552003704
38779322305
38779048301
38779322209
38779223709
38779322308
38779322303
38779322300
38779322301
38779048307
38779048309
38779048305
38779048303
38779048300
38779223701
38779223708
38779322309
38779322201
38779322208
38779048308
62991128003
62991128002
62991127808
62991127805
62991127804
62991127803
62991127806
62991128004
51552029905
51927199600
38779071205
70752010406
55111070016
51672208808
55111070004
23155029251
46122039465
46122020565
49348012844
40985021464
00761043310
63323031904
00766307214
00766074680
00766074655
00766074650
00766074610
87701043612
36800059523
35515091122
81284015500
60505077300
61990015001
70860012399
00527163210
00527163201
00378472501
60505026101
00378473501
30698045201
30698045301
00378474501
60505026301
60505026401
00378477501
30698045401
00115592201
53489036801
59762011803
72572076101
00591084510
65862089001
59762054202
59762054102
65862088905
65862088901
00378449193
00113090178
69230031350
69230031305
69230031301
65862004760
62559098030
62559098015
50742031115
00378449293
74312007961
79854003985
30768060730
40093010374
35046000188
54629398501
58487000021
24385062982
58487003012
58487003011
66794020815
63323037062
67457064910
71288000775
25021018899
55111014571
00396401060
00396401065
88937000102
00396401070
00396401075
00396401080
00396401085
00396401090
00396401095
00113006134
00113206126
81033010253
49348013534
46122029934
00007414120
57664024513
57664024518
57664024588
43547025610
43547025650
13107014401
13107014405
58487000071
62991282306
62991282302
62991282301
38779187708
38779187701
38779187709
51552021505
51927123000
00245531789
00245531989
00378904001
00378904501
29135012505
40985022550
29135012510
29135012502
70677007201
00299024133
00299391816
00299391808
00299024132
00299391742
00299391702
00299391756
08137001137
68180016111
68180016106
64679096405
64679096403
64679096401
00378226001
00378226401
00378226801
00378157001
51927308700
51552116506
49281079038
49281079088
33342020115
33342020111
33342020144
49348051159
51552136003
51927146300
00378404177
23155064403
23155064410
23155064409
68180037706
23155064510
23155064509
23155064503
00378404277
00378404293
51552022709
66993006272
00378141893
00378141877
50419045201
50419045101
00378449093
00025194250
70860020910
49348064227
00078024861
00078024661
00113041926
81033021351
81033021350
83720050504
83720050516
08454000122
25021012166
66794020941
60505614400
60505624500
60505614500
60505624600
66794021041
25021012267
00378512401
00245001389
00245001301
70515010910
70515011906
11845015615
10542009512
58657049018
00378701705
00378701793
60505264201
60505264203
65862055260
54838056670
00555080802
00703199501
62037070030
60505263201
68308014501
70515070060
60505328506
00378603477
00378603405
62756025013
62756025083
60505298503
62037069630
62037069730
62037069830
62037069930
00132000214
00132000211
00132000215
33674040470
55513047801
47335015340
23155048331
23155021331
23155052831
23155048431
23155021431
23155052931
47335015440
70860020550
00378280026
00378715505
00378557305
00378557393
23155031751
51672214306
00299492045
00299492030
53809030501
44567040101
00093227234
00093227034
64679096101
64679096104
64679096105
59762219807
68180016011
68180016006
50742040401
63323076217
62756002340
57664024188
51862090101
51862090105
71930006612
68180016206
64679096201
76385011901
50742015110
64679051602
64679051603
00832011189
62756055388
62756055383
62756055318
62756055488
62756055483
62756055418
62756055288
62756055283
62756055218
60505079304
60505079300
60505079404
60505079400
60505079504
60505079501
43292040128
72572001401
54838055550
13107014205
13107014201
57664024218
57664024213
57664024288
43547025410
43547025450
00007413920
43547025510
43547025550
57664024418
57664024488
57664024413
13107014305
13107014301
12843037312
51927142500
71399049404
71085007204
71085007203
63044040420
45802051377
00904598348
65145010701
65145010901
65145010801
72572070701
65145011001
63323028807
67457019810
79854005024
87701040750
87701040749
80681016900
80681016801
80681016800
79854005023
54629050233
54629005024
51645091999
43292056445
43292056286
10432023703
10135074932
10135074901
10432023701
07610009840
20555003300
40985027292
40985027062
40985027139
37864091901
35515098642
58487002373
58487002371
57896087620
57896087601
65145013301
00703115383
00703115303
23155013701
60432003732
00116400540
00116400541
62756055188
62756055183
62756055118
82429026110
00037812006
00037813006
00037814006
60432067160
59746033090
59746033030
64380090807
64380090804
62756044581
62756044583
42543070301
00378514593
00378514577
00378514505
00378514493
00378514477
00378514405
42543070201
62756044083
62756044081
62756044018
64380090707
64380090705
64380090704
59746032990
59746032930
60505623100
60505325508
62756051183
57664019518
57664019588
57664019513
23155004505
23155004501
36000004624
23155020132
23155020131
36000004724
00071015523
68180063509
68180063502
68180063609
68180063602
68180063702
68180063709
67546021221
00113011701
00113011703
00113011702
45802024503
62756092383
63739055510
62756092488
62756092418
00832121789
00378809345
00378809320
00603388732
00603388728
57664017613
57664017688
00245081289
65862075705
60505057501
62011046901
70069000701
62559032580
72572016101
72572016001
70860065220
70860065210
23155016042
25021067420
25021067410
23155016041
50102022021
31722046428
41616063588
33342011274
47335097863
64980020316
60846238303
59746043216
51672414508
64380077319
64380077300
64380077302
46122055153
70095002501
62756043769
47335078891
65145014701
70512084401
70860070104
47781058568
31722030702
62011047601
71321060312
33342003415
33342003410
33342003515
33342003510
00378171277
00378170477
00378170405
33342003110
33342003115
33342003215
33342003210
00378170577
00378170505
50419045401
64679012203
64679012202
00093739286
00093739398
00093739386
00093739486
00093739498
10432009101
60505006508
60505006507
64679098720
64679098717
64679098711
64679098710
68094012359
66490065020
64380070703
60505313008
60505313001
55111024905
55111024901
55111018601
60505313301
60505313308
60505313501
60505313508
55111018901
63739076003
00378454701
43547027803
43547027809
43547027850
43547027903
43547027909
43547027950
43547027703
43547027750
43547027709
30698022010
00574204213
10631011569
00245057089
00832830189
00832830289
00245057189
10631011669
10631011869
00245057589
00832830489
51991094298
47335017640
45963061153
11845014638
27434003217
68001057141
60505609500
63323017650
47335017840
63323019410
63323019405
69543012011
69543012010
50419086351
00054855025
00703468601
00703468501
00703468001
70436009106
69452010719
69452010713
51672530200
33342011352
47335097967
64980020413
60846238404
59746043313
82429031130
82429031015
70074067970
70074067969
70436005106
70436005006
60505345406
00378362793
65862035761
69117101004
69117101003
69117101002
69117101001
63323017245
63323017215
69448000534
69448000531
69448000512
50742044615
50742044505
47335030040
47335028440
47335015140
47335015040
55111072594
72266019601
68180037806
23155064609
23155064610
23155064603
00378404393
57664074588
57664074513
57664074713
57664074788
00703523313
33342003315
33342003310
00378170777
00378170705
00378544591
51079023520
00378544691
80681014000
35046000155
70748013201
00591212712
31722030501
47781058368
65145014601
70512084201
72572035401
70860070002
70860070001
70512084301
72572035501
70860070103
70860070101
65145014501
47781058468
31722030601
33342001910
82249020760
62135078360
64980027606
62135078412
59923072212
82249021012
35515097059
00067000548
45861006301
70860030551
70860030310
25021040910
16729026003
11845013751
00904640360
00024101510
57896072401
65862059903
76282046218
23155024446
51991035478
51991035578
23155024546
76282046318
65862060003
65862062503
65862062603
82009001690
46122065203
75834014130
75834011330
61825070130
61825070115
61825070105
59572021015
59572020517
59572020514
69315030930
43538055060
00378675082
57664068488
57664068688
50419045301
23155006101
64980040603
64980040709
00168041060
68180083073
67877048384
72241001601
72241001701
67877048484
00378142077
00378142093
46122066272
00132000508
00132000206
64380071703
43538054090
43538052090
68645054559
57664047451
57664047453
57664047458
57664047488
50742015605
50742015601
43547035950
43547035910
23155010410
60505341105
00071022323
62756055588
62756055583
62756055518
62756055688
62756055683
62756055618
69452011920
51079072220
69452012020
74312001110
40985021387
11845006181
87701040779
00378303377
00394013142
71626030230
71626030201
68180039602
71626030330
71626030301
59762151703
00378715001
63459051630
00078079061
00078079761
00078080461
00409909335
00409909332
36800007009
00378557593
00378557505
00172376260
62559023501
62559023601
62559023701
62559036560
62559036530
66993096245
43538018245
43538018045
43547033250
43547038910
43547033210
42292002420
43547038950
59762502301
60505255105
60505255101
59762502401
59762446001
60505255205
60505255201
43547039010
43547033350
43547039050
43547033310
72572076001
58487002741
51991096257
51991096158
65862094424
65862094524
00378303477
60505609600
69452012120
63304069501
51079046020
10006070013
68585000575
57896063506
16729002016
43975025214
43975025205
64980033405
43975025305
00378662993
60505014501
25208000203
42858011830
63481068706
59762054001
65862088830
00049017001
00955172250
76282070445
43975022010
43292055574
40093010168
00761084420
53879020210
52083061210
69543037230
00093738756
58657031016
57237031952
57237031931
47781062901
33674040313
33674040312
63717010204
57664013488
42192061801
69117004302
00054039925
59762003702
59762003802
59762003902
00049204010
70030014843
74300000414
74300001181
74300000412
74300000320
00280903006
00280900002
00280900008
87701053380
30142086634
36800086634
35515095399
16500054256
49348044334
71740020110
43292055606
58487002843
58487002842
58487002841
25021081467
68001028536
68001028638
25021081667
25021081366
68001028540
51079058106
68001028537
25021081567
71930006215
71093012312
71930006352
71930006315
71093012412
71093012405
63739041110
52817072001
27505000401
33342013974
64980025616
60505079804
60505079800
60505079604
60505079600
70860060503
70860060502
63323042101
00078073610
70436009006
69452010619
43386099901
63304090190
00378710177
47781053073
47781053085
47781053084
23155006001
60505285001
72606000108
72606000107
72606000103
25021016987
57664068331
58487001091
60432024516
49884032055
62756075164
62756075464
51754050303
47335029040
47335029027
57664037188
50742018921
53191034401
71930006415
63739078710
70752018012
70752018006
69315024848
69315024812
63323024930
68180063809
68180063802
30768003787
40985027089
07610020912
54629070500
79854000705
87701040736
00562780500
55111069501
47781041501
47781041701
55513092401
55513020901
67181020190
67181020130
55513054601
00603221232
00603221221
00378261001
00378261010
00378268501
00603221621
16729017501
00378269501
00378262501
00378262510
00603221332
00603221321
16729017317
16729017301
00603221432
00603221421
00378265001
00378265010
00378267501
51862094505
51862001601
49884005610
00054021025
49884021701
49884022101
42799093550
42799093502
42799093501
49884021801
49884021901
49884022001
42806080430
42806080230
42806080330
59746071090
59746071030
68180049206
00781202701
00781203701
68180049306
59746071130
68180049406
13107000601
13107000605
13107000705
13107000701
57664050988
57664050918
57664050913
54838054070
13107000505
13107000501
63304063230
63304063201
00378073493
00378073401
00121472105
00378073593
00378073501
00378043305
00378043301
00378043505
00378043501
53489051001
53489051101
53489051701
30698003201
00074712611
64679072503
64679072502
71921017233
71921017209
59762018104
71921017333
71921017309
71921017433
71921017409
57664021188
51862090301
51862090305
68084018401
57664018788
57664022488
68084018501
43393000101
65862031230
65862031330
65862029105
65862029101
75834050005
75834050001
33342023944
71288010410
00378818250
00378818201
00378816750
10122010010
60505254406
60505254206
60505254306
69097022416
47335063868
76282068245
00517104501
63323076352
63323076317
63323076306
70860021568
70860021567
70860021566
70860020050
70860020017
70860020005
46122040662
63323073410
63323073510
71930006560
71093012602
67877048284
72241001501
00378454201
00378454401
00378454501
00113010862
00280902509
30142017362
16500050492
16500052990
55111019060
60505313706
61269091060
47335096241
60432021208
62756075564
49884032255
49884032355
62756075764
68180019406
55111065207
60505610104
68180019306
51079019803
00378340493
00378340405
00378340293
00378340205
51079019703
49884098401
68308070301
00093342992
00093342930
00093342910
76282068145
69097022316
70030051064
70030051066
70030051094
70030051099
70030051106
70030051103
70030051101
70030051098
70030051096
70030051095
70030051093
70030051091
70030051067
70030051065
70030051063
70030051134
38396090463
38396090191
38396090363
38396050663
38396092963
38396090591
38396090292
38396092163
38396092063
38396091563
38396091763
38396091663
38396092263
38396091618
38396090863
38396090763
38396090663
38396090625
38396090592
38396090563
38396090502
38396090492
38396090418
38396090402
38396090392
38396090325
38396090318
38396090302
38396090291
38396090263
38396090240
38396090225
38396090218
38396090202
38396090192
38396090163
38396090125
38396090118
38396055470
38396055270
38396055070
38396090692
38396090102
38396055370
43292056206
87701040670
87701040669
87701040668
87701040671
87701039910
65649070141
57664012688
57664012613
43547037310
51079077820
57664017013
57664017088
00378807849
00187520030
55111049230
31722057290
31722057230
31722057210
63304073490
63304073430
63304073410
63304073590
63304073530
63304073510
31722057390
31722057330
31722057310
55111049330
00485008201
68180033107
68180033207
68180033307
68180033407
00527260043
00527260037
70347002503
70347002502
64679084603
64679084610
64679084602
70095002401
55150020200
31722020431
00052011030
10542008012
60569055401
00766796050
00766796025
87701040532
87701040406
87701040404
30142080571
30142080563
30142033171
36800054671
36800054663
36800032171
36800032163
16837029112
62011027601
70860010610
47781061307
47781061407
70860010710
62756052388
50419040201
51862003603
68180090273
75834011529
51862023803
69097027703
13811001490
51645085099
51645085010
51645085006
51645085001
70677016701
00527133601
54879002501
49708015307
53489070007
00781208102
49230064441
00067627990
87701041254
50222022704
57664053718
57664053788
57664053713
27808008603
62542030116
50742025601
64980032560
64980032530
64980032515
64380083653
64380083623
64380083622
57237012953
00078079205
58657031116
62559062037
55513000201
55513000301
55513000401
55513000501
58657031216
33342014052
64980025713
00591346753
00591346853
24385039740
00088117112
87701088827
11845005041
43292056291
54629010505
54629000101
87701040757
79854090045
79854090040
00904027760
00904027746
57896075301
57896075201
74312001751
68094011761
68094011759
00761030220
00536135201
87701040754
80681001100
79854090025
79854090020
54629041002
54629040001
43292032125
40985022730
40985021245
40093010202
11845005051
00395272730
55513009801
55513002101
55513002301
55513002501
47335017581
60505371309
51991033404
57664015688
68308048047
57664016088
49884005802
55513002701
54629020001
40985021302
40093010606
11845005061
87701040753
80681015900
79854090010
57896075101
74676590400
74676590200
50419053701
43598090111
60505619600
64380088904
42543088904
65862094324
65862055330
43598084811
60505367503
47781041601
27808027502
27808027501
57664075683
27808027602
27808027601
00378712493
00378712477
27808027702
27808027701
57664075799
25021046274
68462031732
67457031105
90011018010
00009005707
00009005907
00009006607
78206014601
58657045890
46017009660
63304057910
63304057901
57664050608
33674041071
44523074301
54879001001
68180013501
54879001101
68180013601
50102023111
59762151802
68180039807
43598022040
43598022028
43598002040
43598002028
74312059408
40093011098
27434001021
64980047201
54629037702
54629037701
54629031630
11845007555
11845007552
11845007551
79854003163
79854001680
74312007090
79854010945
54629085401
00378412201
00378412401
60505294509
60505294505
64380076305
64380076304
60505387709
60505387703
10119002178
60505267508
60505267608
60505267603
60505267708
60505267703
64679072403
64679072402
00074382611
35573041630
33674041051
55111076303
46122005762
24689012201
24689012202
00703367881
67457048040
00406192303
51862060830
54879000901
68001045400
68180013701
00378697293
68180092106
68180092206
43598057379
00378697393
54838055170
43547059250
43547059209
60505450309
60505450409
43547059350
43547059309
43547059450
43547059403
60505450503
46122010006
35515095372
87701039989
00067001648
00067001624
59572022016
42799070815
68180053801
70512081005
71085000205
45861006205
57664078386
57664078486
57664078586
57664078686
57664078786
67457092005
50742041605
25021080166
00078093926
63304069801
57664085588
65862029201
70010049210
70748021716
70748021816
70860022510
00009006807
00409116401
31722027530
31722027510
31722027630
31722027610
00409116210
31722027730
31722027710
63323047201
63323047302
59923072430
59923072390
00245531889
50419045901
50419045601
57664075899
57664075883
57664075983
57664075999
57664076099
13668025390
47335000588
47335000388
00378830001
47335000188
60505267308
66983035020
70860078505
50742048505
43547059150
43547059109
60505450209
64679010205
64679010201
64679010202
68001028704
68001028703
52817034590
00781552931
10370010250
10370010203
16729044415
60432083116
10631011769
00245057389
00832830389
00093529601
76518001204
69618001854
16781038445
68180092006
43598057579
64679012102
13533013101
00591242226
60505622502
60505622501
60505622500
53191026501
27434000621
60505058401
62756032990
51991083675
54629077460
79854007749
00591228560
00378125891
24979008504
24979008604
49884021009
49884021002
00378125991
00591228660
00591228760
00378126191
49884021102
49884021105
24979008704
60505606600
70860020350
49230020691
49230020625
49230020615
49230020991
49230020925
49230020915
49230021291
49230021225
49230021215
25021030266
00069219030
62756050944
71093015201
00378619793
00378619693
71093015301
71093015401
00378619593
69918072002
70860021710
54879002710
25021045101
00703330104
63323036504
63323036501
00703332104
25021045301
25021045201
62756009444
70860080101
49348084661
64679009601
67457025430
58487001512
58487001511
68180019506
59528050805
60505379309
60505379409
59762134601
60505379509
60505379609
60505379709
60505379809
00955172050
41167010024
41167010023
41167010016
41167010011
41167010010
41167010015
43598058390
43598058330
43598058310
43598058490
43598058430
43598058410
43598058690
43598058630
43598058610
43598058590
43598058530
43598058510
31722058160
23155065406
31722058230
23155065510
23155065509
23155065503
55111060990
31722058330
23155065610
23155065609
23155065603
68001041505
65862045399
24208080060
65862090030
68180028806
00378505101
00378505301
71399006308
71399006306
71399006301
71085007660
57896074806
57896074801
79854000732
80681013901
80681013900
80681002900
79854001681
43292056392
43292055643
51645073299
51645073210
51645073208
51645073206
54629007200
54629001681
20555001700
37864073299
37864000062
37864000061
37864000063
11845008892
11845008891
16103040299
69315023203
00813200408
50102021116
50102021111
50102021101
51285016288
51285014619
51285010388
51285010088
58406002101
00378810593
00378810693
00378810793
63323031701
59923072730
59923072630
51991089033
59923072530
62011006101
24689012301
24689012302
46122005862
00378813450
00378813401
00378451093
00378451193
00378451293
66658011206
66658011203
00378312093
53489065007
70700018290
70700018230
70700018390
70700018330
55513028301
24208000202
60505623004
58487002103
58487002102
58487002101
45861006401
64543011890
63402051001
59746067034
70515060215
00378166519
00378166619
70515060415
59746067134
59746067234
70515060615
00378166719
47781010307
71921019433
71921019533
62756050844
13925050704
40093014024
11845016238
54629009332
51663000508
79854009332
87701043465
63044040101
74312035873
49281056258
49281056210
00527194313
00574031216
38779234908
50419048301
12830082430
12830082401
58160084234
00406901276
47335004640
63323065017
63323021110
72266012510
70860020110
72266012610
70860020120
63323065027
63323065020
63323021220
47335004740
43538097060
43292055535
51645082899
51645082810
51645082808
51645082806
40985027516
37864008289
37864000039
37864000032
37864000031
07610012920
10006070038
16103036199
16103036111
16103036108
00536781710
00536781708
00904546092
00904546080
00904546072
00904546052
00088165475
57896074225
57896074210
57896074206
57896074201
65155074206
00187024503
76282068044
00378408001
57664062188
57664062288
00378408101
00378408301
57664062488
27241012405
00078041761
00078041461
00078041561
70594003502
60505609800
16729036468
51552116709
51552116705
51552107909
51552107905
51552112309
51552112305
51672529503
07610030020
54629010001
80681013400
79854090005
00761030020
00179805202
57896075401
69367025130
13811001030
60505379909
23155018631
68094012959
68094002962
68094002959
24385003662
00113099451
00228289506
00228289611
60505707505
60505707705
60505707905
00078077803
10370011710
10370011610
43386028001
43386028101
00642007790
00409337402
00409337813
00409337904
00378141993
00378141977
00074260521
71288016553
54838000530
71321080230
68462049630
13925050820
60505307508
60505307503
44523074101
25021082761
55111016905
55111016901
60505313208
60505313201
60505313901
55111060601
66215030200
69618001959
71399740105
54629077232
54838000650
00536134380
00087512740
00087086644
98302014002
76518005050
79854007723
64253022235
64253022233
64253022230
64253022225
64253022223
64253022222
64253022221
63807050055
63807050051
63807050005
08290306414
08290306413
63323055701
63323054901
63739022901
35573042130
31722013747
24385003330
24385003316
00395103196
00395103185
00395103175
00395103128
00395103116
87701040072
87701040065
00409765162
70257033011
70257035002
70257031004
50102022421
13107011530
13107011630
69367019630
00093201312
50419040501
50102024021
62011040601
70257005211
70257005105
49591005105
63323049301
63323049680
31722011805
31722011802
31722011730
31722011705
31722011702
58160085452
70860021920
25021023120
51862004791
00378471022
00378471522
00378473022
46122066160
46122040962
62756051344
62756051340
72572036001
76282067830
63304044890
63304044805
35046000322
00591241101
55513005701
00378408201
57664062388
49348075337
51645099101
20555004000
37864099101
00394049902
00731040106
80681013500
68585000801
70860020805
70860020825
59923070100
66689010502
08454000330
08454000226
70677105601
63402091164
63402091130
49230018830
49230018825
49230018823
49230018820
49230018815
49230018810
60505612006
60505612000
71776000110
60505613000
23155019643
23155019642
00574050811
00574050810
00574050801
69367016507
69367016504
69375000910
73581010524
73581010512
60505471303
60505471503
60505368003
60505471603
00642007912
00703441211
60258016101
71399748005
54838001150
98302014006
76518006050
00536134480
00087074002
58406003201
00591369330
00591369319
00591369430
00591369419
00591369519
00093730606
71626030160
63323050600
59651006605
60505058604
62011046801
70677012201
60505040303
68001028435
59923071402
63323019302
23155017931
23155017932
63323019305
59923071505
00078010961
69800420201
62011037101
58914060120
49348087359
71085001001
70199001401
57237026601
00378076101
00603783188
00851000014
00851000001
00851000002
10631009362
10631009307
68180082973
50419052401
58406001001
53191048901
53191036212
53191036201
51663000507
51663000501
51663000500
43292056336
80681017401
80681017400
63044040201
67112090250
75834016724
75834016712
75834002012
75834002001
42192014301
70756066460
50190074060
50190014123
44229030760
00487900730
76204002160
83490030760
83490020760
45861007001
00574060811
00574060810
00574060801
69375000310
82429031245
76045001110
00078050161
00078050261
51552030905
51927288000
00703342711
63323017420
63323017460
00703342911
00178051301
44523074201
73289006002
73289006001
89411012301
00517092008
00517092001
70860021610
49884030502
69339013012
68180016916
00409701205
57664077299
57664077283
57664077399
57664077383
13668031230
57664077499
57664077483
57664077599
57664077583
47335000688
00378171377
76282070245
76282070345
70860050141
70860050142
00074157521
66594077701
35573044630
58468013301
55111078948
70860050241
00409672909
54859081016
71321080116
70860020210
00536128294
49281054758
70839031230
70839032530
28595080016
00409485749
00517690225
68462062154
64679072901
64679073001
68462062264
00409485750
49281028658
35573046038
00378697085
68180091906
68012049090
68012049590
49281021588
49281021558
49281040058
42799095201
31722003231
59762122203
00023182212
00813001206
49281058958
49281025051
49281024858
49281024658
00078083430
23710000670
23710000602
49281040089
00065054301
13811000710
00093777179
00093777113
74312058912
11845014818
63646004060
63646004012
49281091558
31722062131
00904725368
00904725304
00904725468
31722066631
62559037630
11845014995
59923071615
58487002412
58487002411
67457017850
67457017810
11845015015
11845015012
11845015010
40985027416
30768017621
40093014002
40093010373
40093010231
40093010116
30768019941
33674015604
33674015590
45861006701
54458032355
54458032345
51663000520
54629090970
00536135301
79854009097
87701043462
57896089001
74312052807
74312019939
74312017621
69618000901
27434001226
60569049501
40985027111
37864092001
27434003665
07610016840
10135075001
43292056371
54629041120
51645092199
54738000401
79854004112
87701040751
80681017000
80681013200
63304090090
00378710077
76282070850
63323040510
63323042710
30698041912
30698042112
30698042312
23359010530
69367031730
51927322700
75834024505
75834024560
47335057386
51927232300
51927151900
31722020333
31722020332
31722020320
60505623500
68025007990
41616076083
41616076081
41616075983
41616075981
68025008090
68025008190
41616075883
41616075881
68025008290
37000074044
00113009691
37000074136
37000074085
37000074084
37000074083
37000033710
37000011961
37000002401
57896049110
47335000288
47335000488
37000074134
37000074079
37000074078
71399065853
57896047113
54092013502
54092013501
42192011360
38396092563
38396092492
38396092463
38396092392
38396092363
38396091163
38396091063
38396090963
38396090902
00074316190
70436016806
70436016906
00074316290
14789010205
10631009260
10631009216
00851050030
68180071852
62332069002
42195072121
42195022106
42195012106
46017009530
42192016160
42192016130
40985021393
87701040780
58487002522
58487002521
54629089821
11845015071
40985027380
79854008982
87701041154
47335057686
75834024605
75834024660
00378309785
00078056661
00378309985
00078056761
36800048980
36800046880
36800017980
51552120109
51552120106
51552120105
51552120102
51552113909
51552113906
51552113905
51552113902
38779251008
38779251001
69618007158
50419040901
00395012585
00395012528
00395012516
62991308701
31722086831
54629794101
40985027288
07610017840
79854007941
87701040752
57896088101
58487003702
62011043701
27434001041
38779251108
38779251101
40985027343
38779259908
38779259901
38779234308
51927322800
00574030216
00395009485
00395009428
00395009416
27434001017
35046000381
00955172150
80053000049
51228000009
51228000037
51228000006
40093011253
80053000048
68382086002
99207046330
99207046430
66215030300
58468013201
58468013101
53489067890
96974000003
96974000002
59762201206
59762288806
37000074108
37000025445
58487003691
59651021530
51525023403
60505611102
60505611101
10432017503
10432017501
58487001753
58487001751
58487017503
58487017501
48818000101
48818000102
68094000459
70074056091
63000051968
63000041338
63000035844
63000033698
63000017962
43169070405
57599084400
57599081800
08627007701
08627005303
68094023159
68094003059
61364018103
10370025311
10048061233
10048061217
10048061145
10048061067
11845015469
30768053491
40093011526
30768050356
21888012062
40985027622
33674013608
87701042640
74312067291
57599082000
08627009111
08627007801
79854007724
30768030405
54629077241
43169095568
08627001601
76300000260
63000044516
63000044515
63000035751
63000031699
63000028678
63000028585
42195030809
42195010090
51927352100
57664062588
00378408401
60842002201
51660099530
00023024004
11845015762
69452019420
71930005012
00682157001
00132000655
00054040713
67877057401
82249070260
69230030340
69230030324
00009001103
69367019760
58487003383
69618000858
76518001008
00005434462
00573051330
58487001033
69616021104
58487003002
58487003001
58487002723
58487002722
58487002721
58487000612
58487000611
58487003161
74676590600
60505363801
00078042261
58487002321
58487002091
42195095510
00378543135
00395009185
00395009128
00395009116
00904746464
00904746368
60505040504
00178074001
02359046010
51660006144
58487001063
58487001061
43538013016
58607080010
69367026701
81284015400
00703903203
00703904003
00703904001
00378309685
00078059461
58657013390
00378102593
00378102577
57664079699
57664079683
57664079799
57664079783
57664079983
57664079999
57664079899
57664079883
57664080099
57664080083
23594050521
23594050548
72603022201
00378408501
57664062688
00065065205
52427069203
12496120201
12496120801
31722009817
67618011220
67618000005
69315020906
99207046630
99207046730
40985027113
74312001471
44946103508
61269016450
50419040701
51927439900
31722062231
00904725568
00904725510
29978042016
43538016016
70860078310
70860078210
70860078010
68180069001
60505610501
69230030580
69230030520
64597030160
68025004330
68025004430
31722020531
31722020510
72603017324
72603017310
72572005001
59746066860
51862006060
00781410315
50967021990
00703471471
00703471401
50190052322
57771000703
51552122303
51552122302
51552081103
51552081102
51552068103
51552068102
51927486100
38779319601
38779241409
38779241402
38779241401
38779223509
38779223502
38779112709
38779112702
62991401305
62991401301
62991412205
62991412201
62991409705
62991409701
62991405905
62991405901
00517232501
40093010195
10006073014
10006073013
00517231001
70700017522
70700017422
50742042802
70700017622
00378730853
47781031730
65862093330
40985022690
51927331900
51927305100
51927264600
51927318100
00093112589
00051846233
46122008365
87701040776
00078063019
10370030511
55212004410
68025004960
43538019016
71274035001
00264314311
00264314511
49348097539
38779259508
38779259505
38779259509
38779259409
38779259408
38779259405
38779259309
38779259308
38779259305
67112090130
67112090100
20555001900
54629064501
00179805301
79854050032
57664062888
57664062988
23155049742
70860077802
65145011901
42195028110
70860021051
00093810798
70748031209
51927443600
51927147900
58487002831
23359004016
00132002011
13811071710
68025004610
68025004710
13811071810
11845015265
60505611400
60505611502
60505611306
81298965801
54629005201
54738005001
51645083701
46122009878
40985027310
37864083701
87701040799
00536408501
81284061200
81284061100
47781060191
69543037613
70860040010
60505616900
61990061102
61990061100
17433000001
70860045110
65862093290
44946103608
61269016750
51927113700
00395197394
41100058099
41100058098
83490023560
70860060282
43598063552
43598063652
70860060382
70860060482
43598063752
08560940003
08560940002
08560940001
00378309885
00078062061
58487001582
58487001581
58487000131
58487080091
58487000332
58487000331
58487001893
68308076030
00113005267
00095300001
47781064401
51862053801
23594070050
23594007005
23594008005
23594080050
51672529509
00781718270
00378809350
58487080082
58487080081
58487080162
58487080161
58487002801
00536143901
53191021801
70074062428
70074062427
66220042202
43292040124
43292040123
11845016491
51862037660
67112010130
67112010100
58487080072
58487080071
58487080062
58487080061
00113018630
58487000122
58487000121
58487003503
58487003502
58487003501
50419048201
51552133702
51927466700
58487001223
40093010109
57896081512
10542010008
10542010002
58487003711
33674040431
52427057530
00310080060
00310080039
58487001551
72205003576
00078050361
60505447703
60505447803
63323056397
62991308801
00395012685
00395012628
00395012616
58487003062
58487003061
50419017105
50419017101
00121481140
68025005930
00121050440
00395008985
00395008928
00395008916
00395392716
00395392085
00802392016
08023092716
12496120401
12496121201
51672530502
40985027175
47469006672
02359046013
74312001200
00078074303
51097000101
51552143406
51552127402
54859080160
70860080282
82249074514
82249074760
08080430301
08080430201
08080430101
10370034611
00456340733
60505620803
60505620909
60505620903
00456341490
10370034711
10370034709
10370034811
60505621003
60505621109
60505621103
10370034911
10370034909
00456342890
00456340029
52536012501
68094014701
71225013301
68094024701
52536012601
29978012716
65162055816
24208002402
24208002401
51862055806
00078062661
00078062761
00078062861
00642403030
06424003030
07610071602
74312018187
71839010501
72572046024
71839010601
72572046124
31722099510
58487080101
16500055283
16500055282
16500055281
50967030930
00264705505
00409255201
00121085340
10858000186
30768003988
51672421008
00378804321
00527530164
54629085001
79854050060
60505707805
64253033322
64253033321
64253033333
64253033323
08290306423
08290306424
64253033335
64253033325
63807060055
63807060051
63807060005
64253033330
08130071206
43975030710
43975030810
51927152000
35046000348
38779251208
38779251201
54436001002
54436001502
54436002002
54436002502
38779260008
38779260001
68180074606
69367019901
31722004701
66302030210
66302030010
66302031010
66302032510
58204000415
58204000408
58204000401
58204000400
68308076230
37000074087
59651004730
27808019901
27808020001
27808020101
74312003595
62011032001
98302014003
71399750405
70621010101
62756021840
28595090560
11845007625
40093010225
40093010111
74312071950
71403004902
00642012090
58204000404
58204000406
28595078001
43386023770
43538094160
60505707605
15370011004
16514092460
16514091463
10631013369
10631013469
51228000005
30768001788
69140016003
31722010901
31722011001
63304068301
31722011101
63304068401
10122014301
70512079801
70512079701
90011030021
42195084010
00113002801
46122033802
49348018267
33674041081
41167010044
41167010041
41167010034
41167010031
51645084003
51645084001
37864083730
37864083703
16500059286
16500055796
00766307298
00766307295
62856072405
62856071405
62856071005
62856072005
16500056675
16500004108
87701043464
61953000402
87701019047
40985028064
40093011136
38396092863
38396092792
38396092763
38396092663
38396091463
38396091363
38396091263
79854009362
50379000302
69928021104
50379000316
50379000315
50379000312
69928021204
58657081010
70074064597
70074064179
70074064174
70074064594
72266012101
72266012001
71791000259
90011018001
59762109106
62332054410
63704002001
69367023430
31722004801
62856070405
43292055993
63323085074
53191031101
00078064515
72511076001
00078069723
00078069719
37000074117
00409830015
59385002101
59385002201
59385002301
59385002401
59385002501
59385002601
59385002701
83324000627
00536406301
58487003131
07610010418
43292055515
43292055670
00574031116
38779234808
38779074308
00574030316
40093010167
47469006885
63020023003
63020039003
60432052805
60432052804
00781717612
68176000010
17433000007
11110035353
80681002200
40985027024
37000043487
37000040514
37000040511
00245080989
00002144501
00002772401
00642012590
30768058615
10631012251
10631012204
54436001702
54436002202
00074057634
51663000511
51663000506
54859000105
68001033060
72572015110
65145015801
63948016843
62856070805
62856071805
69367040216
54838000180
00536140085
28595070536
28595070501
60505606700
54436001202
63736024797
74312053795
69367019890
61953000503
61953000502
61953000501
58204000409
47469006323
40093010118
61846000003
61846000002
61846000001
61846000004
79854008992
54629899260
90011030008
33674040491
58204000413
58204000411
00264570505
90011029062
31722087290
62332047990
55513074001
55513074101
55513074201
42195012707
62011020001
73108000008
00078088821
00078089514
00078086714
00078090221
00078087421
37000096914
37000096915
37000096913
10006073118
80681004201
00591436560
80681004301
80681004300
76635090405
00078069851
00078069802
47469005891
00179806490
00078072719
31722003031
00078071319
00078072019
31722003131
62530000011
55513015001
66302035010
55292070254
71403010130
71403010230
28595080560
76635090530
63948006919
79854009363
40093011291
54629009043
79854009043
00179803612
37000074092
50419038501
58438000531
68176000017
42195014912
29135016905
29135016902
50991078490
29135017390
29135017302
58406004401
29135011690
29135011620
57599080000
57599000101
57599080300
57599000200
47781037930
63304004730
63304004830
47781038030
47781038130
63304004930
29135040760
71401089416
25021078874
54629898001
79854008980
12496030005
12496030002
12496010005
12496010002
70621010310
70621010301
74312058913
42457042001
51552044806
51552044804
51927167400
60842002101
54758000615
54758000614
54758000613
54758000612
25021018511
69794010201
58204000418
59353000201
59353000301
59353000401
59353001001
31722095901
38779074408
00574030416
00395009085
00395009028
00395009016
00904531360
00904531346
49281054458
62756007360
62756000860
62756010260
62756021960
62756032160
62756043860
62756053360
62756061460
62756074660
62756097460
57629050012
10135058362
07610032024
67555013060
62856071205
70127010006
70127010001
10094020501
10094021001
10094022001
51862060650
17270055300
57841120001
70370305002
00078097223
00078097219
80681009501
80681009500
30772000277
37000072553
35515094675
69853010201
40985025073
24338003101
24338003301
24338003501
24338003702
55495001251
00851000019
58204000430
63361024358
52796019090
37000074091
72467010485
72467010480
51552154407
72467010085
72467010080
55513099801
55513088001
51862056230
55513081301
50228027690
80681009601
80681009600
10135071492
10858001590
00078070851
00078071561
00078070151
57771000192
99105000190
40985027729
10048061220
10048061141
65145013201
62332077701
81802000108
70860040351
66594099905
49281060658
60258019601
70074067227
70074067226
70074067225
70074067222
70074067221
70074067220
58809085008
54859056004
42195042530
42195045030
71881011313
71881010145
71881010290
71881010930
71881011060
71881011130
71881011115
71881010345
71881010415
71881010530
71881010660
71881010730
71881010860
68094022458
40093010532
71776002430
49281056101
00703400401
70370302502
49281059058
00087040501
65219042710
00087040303
76518002050
20525098875
20525098624
00087040203
58406005501
70860021810
70860021805
70860021803
50742052110
50742052005
50742051902
71308030110
16500056010
16500055817
70074067473
54758000628
64980015001
59353022001
59353012001
72829001001
63361024388
33674041091
75626000101
53191040901
52304071406
76310002445
51754601303
73159000560
72467023240
59528041605
79043098008
55513048840
64406010101
64406010202
40093010584
68727090001
08508200005
49502039380
49502025080
49502039475
49502025175
40093011561
59353006501
73177011415
16729052205
68001055141
58204000438
66869056435
00813202101
19903001055
82111051801
00132000507
90011029042
49281056458
49281056488
16500056730
54859080216
54859080204
47335062460
57896057501
40093010140
66019030910
08508200032
70461012203
58160089052
19515080852
49281042288
49281042250
50268067701
10048061218
00078102151
00078103561
70121175507
70121175407
49281063778
49281063715
33332042210
49281012288
49281012265
49281042258
49281042210
49281072288
33674013701
33674040440
33332032203
70461042210
70461032203
66302060002
67618011760
44567050010
00132000036
11845017681
41167010405
41167010403
41167010401
72266024301
72266024401
41167010435
41167010433
90011030006
41167010313
41167010309
90011018004
72542020002
72542030002
72542040002
72542050002
72542060002
72542066702
90011018015
47469007762
47469007760
90011018016
87701043259
56023000714
51927517600
16500056870
58204000446
53731000303
70114022002
66019031010
70461032303
33332042310
49281063978
49281063915
70461012303
33332032303
70461042310
58160090952
49281042388
49281042350
19515081452
82429010608
10048061156
10048061073
49281012388
49281012365
49281072388
49281072310
42023050010
15370028060
62530000017
86790001960
86790001930
80777028792
80777028707
80777010296
80777010293
80777010201
00069236210
00069239210
00069237710
59267431502
59267433102
80631010502
80631010501
80777010295
80777010204
72511047901
72511048101
47469005889
47469007071
66658011306
16500059921
72606004006
72990010303
58487001733
58487001731
58204000448
55212004010
08508300021
08508300001
58204000451
60505626600
49281064178
49281072488
49281042488
49281012488
87701043515
50025099913
00078117519
10094030502
10094030702
10094031002
10094031202
10094031502
80777034501
24478014804
43598096111
71401092316
80777029109
80631010701
80777011001
73159000760
00003010060
33674015142
33674015143
33674041021
33674041101
33674041011
33674041010
33674041041
33674040451
00245003689
87701042602
87701042601
87701042600
87701042599
87701042598
80681010000
81968002009
10048061076
